16,6
16,10
15,24
11888,3
11888,2
0,441
11888,1
11888,0
11887,3
11887,2
11887,1
11887,0
0,542
11886,6
11886,5
11886,4
11886,3
11886,2
11886,1
11886,0
11885,5
11885,4
11885,3
11885,2
11885,1
11885,0
11884,4
11884,3
11884,2
11884,1
11884,0
11883,5
11883,4
11883,3
11883,2
11883,1
11883,0
11882,5
11882,4
11882,3
11882,2
11882,1
11882,0
0,394
11881,5
11881,4
11881,3
11881,2
11881,1
11881,0
0,541
11880,5
11880,4
11880,3
11880,2
11880,1
11880,0
0,440
0,499
0,439
0,4
0,519
0,303
11879,7
11879,6
11879,5
11879,4
11879,3
11879,2
11879,1
11879,0
0,493
14,349
15,19
0,537
11878,3
11878,2
11878,1
11878,0
0,540
11877,3
11877,2
11877,1
11877,0
11876,6
11876,5
11876,4
11876,3
11876,2
11876,1
11876,0
0,308
0,307
11875,5
11875,4
11875,3
11875,2
0,393
11875,1
11875,0
11874,4
11874,3
11874,2
0,568
0,10
0,9
11874,1
11874,0
11873,5
11873,4
11873,3
11873,2
11873,1
11873,0
0,438
0,8
11872,5
11872,4
11872,3
11872,2
11872,1
11872,0
11871,5
11871,4
0,12
0,11
0,7
11871,3
11871,2
11871,1
11871,0
11870,5
11870,4
11870,3
11870,2
11870,1
11870,0
0,437
11869,7
11869,6
11869,5
11869,4
11869,3
11869,2
11869,1
11869,0
0,392
0,391
0,539
0,495
11868,3
11868,2
11868,1
11868,0
11867,3
11867,2
11867,1
11867,0
11866,6
11866,5
11866,4
11866,3
11866,2
11866,1
11866,0
11865,5
11865,4
11865,3
11865,2
11865,1
11865,0
11864,4
11864,3
11864,2
11864,1
11864,0
11863,5
11863,4
11863,3
11863,2
11863,1
11863,0
11862,5
11862,4
11862,3
11862,2
11862,1
11862,0
11861,5
11861,4
11861,3
11861,2
11861,1
11861,0
11860,5
11860,4
11860,3
11860,2
11860,1
11860,0
0,536
11859,7
11859,6
11859,5
11859,4
11859,3
11859,2
11859,1
11859,0
13,2
0,390
11858,3
11858,2
11858,1
11858,0
11857,3
11857,2
11857,1
11857,0
11856,6
11856,5
11856,4
11856,3
11856,2
11856,1
11856,0
11855,5
11855,4
11855,3
11855,2
11855,1
11855,0
0,538
11854,4
11854,3
11854,2
0,388
11854,1
11854,0
11853,5
11853,4
11853,3
11853,2
11853,1
11853,0
0,574
11852,5
11852,4
11852,3
11852,2
11852,1
11852,0
11851,5
11851,4
11851,3
11851,2
11851,1
11851,0
11850,5
11850,4
11850,3
11850,2
11850,1
11850,0
0,491
0,436
11849,7
11849,6
11849,5
11849,4
11849,3
11849,2
11849,1
11849,0
0,487
14,225
15,22
7,5
14,367
14,108
14,107
14,106
14,105
14,31
14,366
14,38
14,24
14,40
14,109
14,104
14,103
15,9
0,534
11848,3
11848,2
11848,1
11848,0
0,494
11847,3
11847,2
11847,1
11847,0
11846,6
11846,5
11846,4
11846,3
11846,2
0,435
11846,1
11846,0
0,389
11845,5
11845,4
11845,3
11845,2
11845,1
11845,0
11844,4
11844,3
11844,2
11844,1
11844,0
11843,5
11843,4
11843,3
11843,2
11843,1
11843,0
11842,5
11842,4
11842,3
11842,2
11842,1
11842,0
11841,5
11841,4
11841,3
11841,2
11841,1
11841,0
11840,5
11840,4
11840,3
11840,2
0,406
11840,1
11840,0
0,434
11839,7
11839,6
11839,5
11839,4
11839,3
11839,2
0,385
11839,1
11839,0
53,3
53,4
13,309
13,308
13,307
13,306
13,305
13,304
13,303
13,302
13,301
11838,3
11838,2
0,512
11838,1
11838,0
11837,3
11837,2
0,533
11837,1
11837,0
0,433
11836,3
11836,2
11836,1
11836,0
11835,6
11835,5
11835,4
11835,3
11835,2
11835,1
11835,0
0,432
11834,3
11834,2
0,573
11834,1
11834,0
0,490
11833,5
0,535
11833,4
11833,3
11833,2
11833,1
11833,0
11832,6
11832,5
11832,4
11832,3
11832,2
11832,1
11832,0
0,431
0,430
11831,4
11831,3
11831,2
11831,1
11831,0
11830,5
11830,4
11830,3
11830,2
11830,1
11830,0
0,486
11829,5
11829,4
11829,3
11829,2
11829,1
11829,0
11828,5
11828,4
11828,3
11828,2
11828,1
11828,0
11827,4
11827,3
11827,2
11827,1
11827,0
11826,5
11826,4
11826,3
11826,2
11826,1
11826,0
11825,5
11825,4
11825,3
11825,2
11825,1
11825,0
0,429
11824,5
11824,4
11824,3
11824,2
11824,1
11824,0
11823,5
11823,4
11823,3
11823,2
11823,1
11823,0
11822,5
11822,4
11822,3
11822,2
11822,1
11822,0
11821,5
11821,4
11821,3
11821,2
11821,1
11821,0
0,387
0,386
0,384
0,575
11820,7
11820,6
11820,5
11820,4
11820,3
11820,2
11820,1
11820,0
0,532
11819,7
11819,6
11819,5
11819,4
11819,3
11819,2
0,527
11819,1
11819,0
0,477
4,3
4,4
13,239
13,238
13,237
13,236
13,234
13,132
13,131
13,130
13,129
13,244
13,243
13,242
13,241
13,235
13,233
13,231
11,4
6,3
6,4
13,162
15,7
7,4
0,428
0,427
0,409
11818,3
11818,2
11818,1
11818,0
11817,3
11817,2
11817,1
11817,0
0,426
11816,6
11816,5
11816,4
11816,3
11816,2
11816,1
11816,0
11815,5
11815,4
11815,3
11815,2
0,479
11815,1
11815,0
11814,4
11814,3
11814,2
11814,1
11814,0
11813,5
11813,4
11813,3
11813,2
11813,1
11813,0
11812,5
11812,4
11812,3
11812,2
11812,1
11812,0
11811,5
11811,4
11811,3
11811,2
11811,1
11811,0
11810,5
11810,4
11810,3
11810,2
11810,1
11810,0
0,526
11809,7
11809,6
11809,5
11809,4
11809,3
11809,2
11809,1
11809,0
0,531
36,9
36,8
36,7
36,6
36,5
36,4
36,2
36,3
0,480
11808,3
11808,2
0,571
11808,1
11808,0
11807,3
11807,2
0,425
11807,1
11807,0
0,570
0,424
11806,3
11806,2
11806,1
11806,0
11805,6
11805,5
11805,4
11805,3
11805,2
11805,1
11805,0
11804,3
11804,2
11804,1
11804,0
0,423
0,528
0,523
11803,5
11803,4
11803,3
11803,2
11803,1
11803,0
11802,6
11802,5
11802,4
11802,3
11802,2
11802,1
11802,0
11801,4
11801,3
11801,2
0,422
11801,1
11801,0
11800,5
11800,4
11800,3
11800,2
11800,1
11800,0
0,530
0,567
0,529
0,525
0,566
11799,5
11799,4
11799,3
11799,2
11799,1
11799,0
11798,5
11798,4
11798,3
11798,2
11798,1
11798,0
11797,4
11797,3
11797,2
11797,1
11797,0
11796,5
11796,4
11796,3
11796,2
11796,1
11796,0
11795,5
11795,4
11795,3
11795,2
11795,1
11795,0
11794,5
11794,4
11794,3
11794,2
11794,1
11794,0
11793,5
11793,4
11793,3
11793,2
11793,1
11793,0
0,421
11792,5
11792,4
11792,3
11792,2
11792,1
11792,0
11791,5
11791,4
11791,3
11791,2
11791,1
11791,0
0,548
11790,7
11790,6
11790,5
11790,4
11790,3
11790,2
11790,1
11790,0
0,524
11789,7
11789,6
11789,5
11789,4
11789,3
11789,2
11789,1
11789,0
0,522
11788,3
11788,2
11788,1
11788,0
11787,3
11787,2
11787,1
11787,0
11786,6
11786,5
11786,4
11786,3
11786,2
11786,1
11786,0
0,420
0,419
11785,5
11785,4
11785,3
11785,2
11785,1
11785,0
11784,4
11784,3
11784,2
11784,1
11784,0
11783,5
11783,4
11783,3
11783,2
11783,1
11783,0
11782,5
11782,4
11782,3
11782,2
11782,1
11782,0
11781,5
11781,4
11781,3
11781,2
11781,1
11781,0
11780,5
11780,4
11780,3
11780,2
11780,1
11780,0
0,518
5679,1
5679,0
11779,7
11779,6
11779,5
11779,4
11779,3
11779,2
11779,1
11779,0
0,565
5679,8
13,256
0,564
14,136
14,9
14,44
0,475
15,4
15,18
15,17
15,16
15,15
15,13
14,192
0,465
8,4
7,3
8,5
0,418
11778,3
11778,2
11778,1
11778,0
11777,3
11777,2
11777,1
11777,0
0,561
11776,6
11776,5
11776,4
11776,3
11776,2
11776,1
11776,0
11775,5
11775,4
11775,3
11775,2
0,511
11775,1
11775,0
11774,4
11774,3
11774,2
11774,1
11774,0
0,472
11773,5
11773,4
11773,3
11773,2
11773,1
11773,0
11772,5
11772,4
11772,3
11772,2
11772,1
11772,0
11771,5
11771,4
11771,3
11771,2
11771,1
11771,0
0,417
11770,5
11770,4
11770,3
11770,2
11770,1
11770,0
11769,7
11769,6
11769,5
11769,4
11769,3
11769,2
11769,1
11769,0
13,312
13,311
13,310
13,300
13,299
13,298
13,297
13,296
13,295
13,294
13,293
13,292
13,291
13,288
13,287
13,286
13,285
13,284
13,283
13,282
13,281
13,280
13,279
13,278
13,277
13,276
13,275
13,274
13,273
13,272
13,271
13,270
13,269
13,268
13,267
13,266
13,265
13,264
13,263
13,262
13,289
13,240
13,149
13,148
13,147
13,146
13,145
13,144
13,143
13,142
13,141
13,140
13,139
13,138
13,137
13,136
13,135
13,134
13,133
13,127
13,126
13,125
13,124
13,123
13,122
13,121
13,120
13,119
13,118
13,117
13,258
13,128
13,188
13,187
13,186
13,185
13,184
13,183
13,182
13,181
13,180
13,179
13,178
13,177
13,176
13,175
13,174
13,173
13,172
13,171
13,170
13,169
13,168
13,167
13,166
13,165
13,164
13,163
13,157
13,156
13,155
13,154
13,153
13,196
13,195
13,194
13,193
13,225
13,224
13,223
13,222
13,78
13,77
13,76
13,75
13,221
13,220
13,219
13,218
13,217
13,216
13,215
13,214
13,213
13,212
13,211
13,210
13,209
13,208
13,207
13,206
13,205
13,204
13,203
13,202
13,95
13,94
13,93
13,83
13,92
13,91
13,90
13,89
13,88
13,87
13,86
13,85
13,82
13,81
13,80
13,79
13,201
13,200
13,199
13,198
13,197
13,192
13,74
13,73
13,72
13,71
13,70
13,69
13,68
13,67
13,66
13,191
13,190
13,189
13,84
0,416
11768,3
11768,2
11768,1
11768,0
0,415
11767,3
11767,2
11767,1
11767,0
0,520
0,414
11766,6
11766,5
11766,4
11766,3
11766,2
11766,1
11766,0
11765,3
11765,2
11765,1
11765,0
0,464
0,521
0,516
0,559
0,560
11764,3
11764,2
11764,1
11764,0
0,562
11763,5
11763,4
11763,3
11763,2
11763,1
11763,0
11762,6
11762,5
11762,4
11762,3
11762,2
11762,1
11762,0
11761,4
11761,3
11761,2
11761,1
11761,0
11760,5
11760,4
11760,3
11760,2
11760,1
11760,0
11759,5
11759,4
11759,3
11759,2
11759,1
11759,0
11758,5
11758,4
11758,3
11758,2
0,413
11758,1
11758,0
11757,4
11757,3
11757,2
11757,1
11757,0
11756,5
11756,4
11756,3
11756,2
11756,1
11756,0
11755,5
11755,4
11755,3
11755,2
11755,1
11755,0
11754,5
11754,4
11754,3
11754,2
11754,1
11754,0
11753,5
11753,4
11753,3
11753,2
11753,1
11753,0
0,556
11752,5
11752,4
11752,3
11752,2
11752,1
11752,0
11751,5
11751,4
11751,3
11751,2
11751,1
11751,0
11750,7
11750,6
11750,5
11750,4
11750,3
11750,2
11750,1
11750,0
0,509
0,508
0,515
11749,7
11749,6
11749,5
11749,4
11749,3
11749,2
11749,1
11749,0
0,514
14,71
14,70
15,10
14,64
14,25
14,43
15,6
0,555
14,222
14,199
14,10
14,13
14,144
0,412
0,411
0,517
0,558
0,459
11748,3
11748,2
11748,1
11748,0
0,557
11747,3
11747,2
11747,1
11747,0
5686,6
5686,1
5686,0
11746,6
11746,5
11746,4
11746,3
11746,2
0,467
11746,1
11746,0
5685,5
5685,1
5685,0
11745,5
11745,4
11745,3
11745,2
11745,1
11745,0
0,554
11744,4
11744,3
11744,2
11744,1
11744,0
11743,5
11743,4
11743,3
11743,2
11743,1
11743,0
11742,5
11742,4
11742,3
11742,2
11742,1
11742,0
0,410
11741,5
11741,4
11741,3
11741,2
11741,1
11741,0
11740,5
11740,4
11740,3
11740,2
11740,1
11740,0
11739,7
11739,6
11739,5
11739,4
11739,3
11739,2
11739,1
11739,0
0,408
0,463
8,3
11738,3
11738,2
11738,1
11738,0
11737,3
11737,2
11737,1
11737,0
11736,6
11736,5
11736,4
11736,3
11736,2
11736,1
11736,0
11735,5
11735,4
11735,3
11735,2
11735,1
11735,0
0,407
11734,4
11734,3
11734,2
11734,1
11734,0
11733,5
11733,4
11733,3
11733,2
11733,1
11733,0
0,461
11732,5
11732,4
11732,3
11732,2
11732,1
11732,0
11731,5
11731,4
11731,3
11731,2
11731,1
11731,0
11730,5
11730,4
11730,3
11730,2
11730,1
11730,0
0,513
5679,6
5679,4
11729,7
11729,6
11729,5
11729,4
11729,3
11729,2
11729,1
11729,0
88,7
88,1
88,0
5679,5
5679,7
5679,2
5679,3
88,5
88,6
88,4
88,2
88,3
0,405
13,5
15,11
13,232
9,2
9,3
5,3
5,4
11,9
13,229
13,261
86,3
14,8
15,5
11728,3
11728,2
11728,1
11728,0
15,23
14,6
14,3
14,39
14,4
15,8
15,3
13,290
11727,3
11727,2
11727,1
11727,0
0,553
16,3
16,8
18,3
18,4
16,5
16,4
13,260
13,255
13,7
13,3
0,299
0,289
0,287
0,284
0,282
0,277
0,275
0,271
0,270
0,268
0,266
0,260
0,258
0,257
0,256
0,255
0,251
0,250
0,249
0,248
0,247
0,245
0,244
0,241
0,240
0,239
0,238
0,237
0,236
0,235
0,234
0,233
0,232
0,231
0,230
0,229
0,228
0,224
0,223
0,219
0,218
0,215
0,211
0,209
0,208
0,458
0,204
0,203
0,202
0,201
0,200
0,199
0,197
0,195
0,194
0,193
0,192
0,62
0,61
0,60
0,58
0,57
0,56
0,53
0,52
0,51
0,47
11726,3
11726,2
11726,1
11726,0
0,404
0,46
13,6
13,4
11725,6
11725,5
11725,4
11725,3
11725,2
11725,1
11725,0
0,298
11724,3
11724,2
11724,1
11724,0
5688,2
5688,3
0,294
0,292
0,293
0,291
5686,7
5686,4
0,290
0,288
5686,5
5686,2
0,286
0,285
0,403
0,283
0,280
0,281
0,279
11723,5
0,278
11723,4
11723,3
11723,2
11723,1
11723,0
11722,6
0,276
5686,3
11722,5
11722,4
11722,3
11722,2
11722,1
11722,0
0,274
0,273
5685,6
0,272
0,402
0,243
0,269
0,262
0,267
0,264
0,265
0,263
11721,5
0,259
11721,4
11721,3
11721,2
0,401
11721,1
11721,0
0,261
11720,3
11720,2
11720,1
11720,0
11719,4
11719,3
11719,2
11719,1
11719,0
0,254
0,253
0,252
11718,3
11718,2
0,552
11718,1
11718,0
0,246
11717,5
11717,4
11717,3
11717,2
0,242
11717,1
11717,0
11716,6
11716,5
11716,4
11716,3
11716,2
0,400
11716,1
11716,0
11715,4
11715,3
11715,2
11715,1
11715,0
11714,5
11714,4
11714,3
11714,2
11714,1
11714,0
11713,5
11713,4
11713,3
11713,2
11713,1
11713,0
5685,4
5685,2
0,507
11712,5
11712,4
11712,3
11712,2
11712,1
11712,0
0,300
0,297
0,296
0,295
0,510
0,549
0,503
0,455
0,227
0,226
0,225
0,222
0,221
0,220
0,217
0,216
0,214
0,213
0,212
0,210
0,207
0,196
0,63
0,54
0,504
0,50
0,49
0,48
0,45
0,6
0,206
0,205
11711,5
11711,4
11711,3
11711,2
11711,1
11711,0
11710,5
5685,3
11710,4
11710,3
11710,2
11710,1
11710,0
0,551
0,198
11709,5
11709,4
0,550
11709,3
11709,2
11709,1
11709,0
11708,5
11708,4
11708,3
11708,2
11708,1
11708,0
5681,5
5681,4
5681,2
0,59
5681,3
11707,5
11707,4
11707,3
11707,2
0,399
11707,1
11707,0
11706,4
0,55
11706,3
11706,2
11706,1
11706,0
11705,5
11705,4
11705,3
11705,2
11705,1
11705,0
11704,5
11704,4
11704,3
11704,2
11704,1
11704,0
11703,5
11703,4
11703,3
11703,2
11703,1
11703,0
11702,5
11702,4
11702,3
11702,2
11702,1
11702,0
0,546
11701,7
11701,6
11701,5
11701,4
11701,3
11701,2
11701,1
11701,0
11700,7
11700,6
11700,5
11700,4
11700,3
11700,2
11700,1
11700,0
11699,7
11699,6
11699,5
11699,4
11699,3
11699,2
11699,1
11699,0
5683,5
5683,4
5683,2
5683,3
0,398
0,0
15,12
14,137
14,41
0,506
0,505
5684,2
5684,3
11698,3
11698,2
11698,1
11698,0
11697,3
11697,2
11697,1
11697,0
0,502
0,547
11696,6
11696,5
11696,4
11696,3
11696,2
11696,1
11696,0
11695,5
11695,4
11695,3
11695,2
11695,1
11695,0
11694,4
11694,3
11694,2
11694,1
11694,0
11693,5
11693,4
11693,3
11693,2
11693,1
11693,0
11692,5
11692,4
11692,3
11692,2
11692,1
11692,0
11691,5
11691,4
11691,3
11691,2
11691,1
11691,0
11690,5
11690,4
11690,3
11690,2
11690,1
11690,0
11689,7
11689,6
11689,5
11689,4
11689,3
11689,2
11689,1
11689,0
0,397
0,396
13,108
13,97
11,5
13,259
13,257
14,329
14,72
0,318
0,395
0,569
0,453
11688,3
11688,2
11688,1
11688,0
11687,3
11687,2
11687,1
11687,0
11686,6
11686,5
11686,4
11686,3
11686,2
11686,1
11686,0
0,304
0,543
11685,5
11685,4
11685,3
11685,2
11685,1
11685,0
11684,4
11684,3
11684,2
11684,1
11684,0
11683,5
11683,4
11683,3
11683,2
11683,1
11683,0
11682,5
11682,4
11682,3
11682,2
11682,1
11682,0
11681,5
11681,4
11681,3
11681,2
11681,1
11681,0
11680,5
11680,4
11680,3
11680,2
11680,1
11680,0
11679,7
11679,6
11679,5
11679,4
11679,3
11679,2
11679,1
11679,0
0,544
11678,3
11678,2
11678,1
11678,0
11677,3
11677,2
11677,1
11677,0
0,545
11676,6
11676,5
11676,4
11676,3
11676,2
11676,1
11676,0
11675,5
11675,4
11675,3
11675,2
11675,1
11675,0
11674,4
11674,3
11674,2
11674,1
11674,0
11673,5
11673,4
11673,3
11673,2
11673,1
11673,0
11672,5
11672,4
11672,3
11672,2
11672,1
11672,0
11671,5
11671,4
11671,3
11671,2
11671,1
11671,0
11670,5
11670,4
11670,3
11670,2
11670,1
11670,0
11669,7
11669,6
11669,5
11669,4
11669,3
11669,2
11669,1
11669,0
9,4
14,5
6,5
11668,3
11668,2
0,500
11668,1
11668,0
11667,3
11667,2
11667,1
11667,0
11666,6
11666,5
11666,4
11666,3
11666,2
11666,1
11666,0
11665,5
11665,4
11665,3
11665,2
11665,1
11665,0
11664,4
11664,3
11664,2
11664,1
11664,0
11663,5
11663,4
11663,3
11663,2
11663,1
11663,0
11662,5
11662,4
11662,3
11662,2
11662,1
11662,0
11661,5
11661,4
11661,3
11661,2
11661,1
11661,0
0,497
11660,5
11660,4
11660,3
11660,2
11660,1
11660,0
0,313
11659,7
11659,6
11659,5
11659,4
11659,3
11659,2
11659,1
11659,0
11658,3
11658,2
11658,1
11658,0
0,501
11657,3
11657,2
11657,1
11657,0
11656,6
11656,5
11656,4
11656,3
11656,2
11656,1
11656,0
11655,3
11655,2
11655,1
11655,0
11654,3
11654,2
11654,1
11654,0
0,484
11653,6
11653,5
11653,4
11653,3
11653,2
11653,1
11653,0
